200
2
1.000000	0.128631	0.187700	0.932610	0.326435
-1.000000	0.128631	0.326435	0.932610	0.465169
0.223079
0.000000
-1.283405
2.474481
3
1.000000	0.302851	0.067621	0.427365	0.385764
-2.000000	0.427365	0.067621	0.551880	0.385764
1.000000	0.551880	0.067621	0.676394	0.385764
0.118840
0.000000
-0.791250
1.452424
2
1.000000	0.327497	0.032205	0.651487	0.447446
-1.000000	0.327497	0.447446	0.651487	0.862688
0.269068
1.000000
0.384361
1.074364
3
1.000000	0.621854	0.262460	0.736659	0.583405
-2.000000	0.736659	0.262460	0.851464	0.583405
1.000000	0.851464	0.262460	0.966269	0.583405
0.110538
0.000000
-0.227788
0.832585
2
1.000000	0.020003	0.471972	0.314190	0.620263
-1.000000	0.020003	0.620263	0.314190	0.768554
0.087251
1.000000
0.208603
0.747457
2
1.000000	0.424647	0.021340	0.911378	0.164125
-1.000000	0.424647	0.164125	0.911378	0.306910
0.138996
1.000000
0.446395
0.715326
2
1.000000	0.523617	0.058130	0.900682	0.233149
-1.000000	0.523617	0.233149	0.900682	0.408167
0.131987
0.000000
-0.774619
0.799027
3
1.000000	0.122758	0.079516	0.397554	0.379622
-2.000000	0.397554	0.079516	0.672349	0.379622
1.000000	0.672349	0.079516	0.947144	0.379622
0.247403
0.000000
-0.444937
0.709519
3
1.000000	0.118061	0.316723	0.372237	0.604846
-2.000000	0.372237	0.316723	0.626413	0.604846
1.000000	0.626413	0.316723	0.880589	0.604846
0.219702
1.000000
0.631940
0.623235
2
1.000000	0.124478	0.194793	0.786966	0.375583
-1.000000	0.124478	0.375583	0.786966	0.556373
0.239542
0.000000
-0.319278
0.572215
2
1.000000	0.711771	0.528599	0.839495	0.868065
-1.000000	0.839495	0.528599	0.967220	0.868065
0.086716
1.000000
0.873872
0.675914
2
1.000000	0.044842	0.119485	0.623801	0.497750
-1.000000	0.044842	0.497750	0.623801	0.876015
0.438000
1.000000
-2.704584
0.678980
3
1.000000	0.035609	0.459268	0.141867	0.795180
-2.000000	0.141867	0.459268	0.248125	0.795180
1.000000	0.248125	0.459268	0.354384	0.795180
0.107080
0.000000
-0.315234
0.534554
2
1.000000	0.323109	0.060461	0.591269	0.353426
-1.000000	0.591269	0.060461	0.859429	0.353426
0.157123
1.000000
0.275837
0.496976
2
1.000000	0.054771	0.136092	0.644672	0.268995
-1.000000	0.054771	0.268995	0.644672	0.401899
0.156800
0.000000
-1.732975
0.552900
2
1.000000	0.178370	0.669189	0.748261	0.807304
-1.000000	0.178370	0.807304	0.748261	0.945420
0.157422
0.000000
-0.195135
0.523462
2
1.000000	0.530711	0.356729	0.970387	0.654528
-1.000000	0.530711	0.654528	0.970387	0.952326
0.261870
1.000000
0.278445
0.530589
2
1.000000	0.128631	0.187700	0.932610	0.326435
-1.000000	0.128631	0.326435	0.932610	0.465169
0.223079
1.000000
-1.291237
0.536233
2
1.000000	0.035070	0.229319	0.642797	0.354621
-1.000000	0.035070	0.354621	0.642797	0.479923
0.152299
0.000000
-0.293787
0.615290
2
1.000000	0.040446	0.116500	0.239627	0.958123
-1.000000	0.239627	0.116500	0.438809	0.958123
0.335272
0.000000
-4.057907
0.554119
2
1.000000	0.235075	0.116282	0.505704	0.446132
-1.000000	0.235075	0.446132	0.505704	0.775981
0.178533
0.000000
0.802515
0.498582
2
1.000000	0.419271	0.022281	0.811621	0.371704
-1.000000	0.419271	0.371704	0.811621	0.721127
0.274193
1.000000
-1.846997
0.475173
2
1.000000	0.424647	0.021340	0.911378	0.164125
-1.000000	0.424647	0.164125	0.911378	0.306910
0.138996
1.000000
1.444523
0.516173
2
1.000000	0.205614	0.363308	0.875930	0.497823
-1.000000	0.205614	0.497823	0.875930	0.632339
0.180336
1.000000
0.281126
0.450790
2
1.000000	0.323560	0.251963	0.628539	0.658961
-1.000000	0.628539	0.251963	0.933518	0.658961
0.248251
0.000000
-0.658086
0.483957
2
1.000000	0.278453	0.055488	0.581760	0.327964
-1.000000	0.581760	0.055488	0.885068	0.327964
0.165288
1.000000
0.303473
0.567903
2
1.000000	0.364339	0.184644	0.644312	0.455627
-1.000000	0.364339	0.455627	0.644312	0.726611
0.151736
0.000000
0.759616
0.476256
3
1.000000	0.088953	0.140270	0.250877	0.918563
-2.000000	0.250877	0.140270	0.412801	0.918563
1.000000	0.412801	0.140270	0.574725	0.918563
0.378073
1.000000
0.596051
0.453530
2
1.000000	0.154929	0.104469	0.663012	0.249960
-1.000000	0.154929	0.249960	0.663012	0.395451
0.147843
0.000000
-1.098899
0.439293
2
1.000000	0.068027	0.025603	0.894761	0.494773
-1.000000	0.068027	0.494773	0.894761	0.963943
0.775758
1.000000
-0.211073
0.420745
2
1.000000	0.065914	0.149453	0.333448	0.410993
-1.000000	0.065914	0.410993	0.333448	0.672533
0.139942
0.000000
-0.367758
0.422362
3
1.000000	0.513352	0.305343	0.657615	0.969421
-2.000000	0.657615	0.305343	0.801877	0.969421
1.000000	0.801877	0.305343	0.946140	0.969421
0.287405
0.000000
-0.896632
0.418840
3
1.000000	0.117401	0.026416	0.373662	0.979272
-2.000000	0.373662	0.026416	0.629922	0.979272
1.000000	0.629922	0.026416	0.886183	0.979272
0.732538
0.000000
2.460502
0.430340
2
1.000000	0.638593	0.407828	0.768258	0.825103
-1.000000	0.768258	0.407828	0.897924	0.825103
0.108212
0.000000
-0.364808
0.490606
3
1.000000	0.104869	0.519472	0.211762	0.843602
-2.000000	0.211762	0.519472	0.318656	0.843602
1.000000	0.318656	0.519472	0.425549	0.843602
0.103942
0.000000
-0.233837
0.418990
2
1.000000	0.151801	0.351029	0.931618	0.485607
-1.000000	0.151801	0.485607	0.931618	0.620185
0.209893
1.000000
1.108364
0.383767
2
1.000000	0.472460	0.101196	0.972546	0.436937
-1.000000	0.472460	0.436937	0.972546	0.772679
0.335799
0.000000
0.689259
0.459292
3
1.000000	0.193806	0.211474	0.350298	0.577111
-2.000000	0.350298	0.211474	0.506789	0.577111
1.000000	0.506789	0.211474	0.663280	0.577111
0.171657
1.000000
0.354440
0.419306
3
1.000000	0.471062	0.030102	0.584794	0.291931
-2.000000	0.584794	0.030102	0.698525	0.291931
1.000000	0.698525	0.030102	0.812256	0.291931
0.089334
1.000000
0.091087
0.399931
3
1.000000	0.049293	0.565517	0.359196	0.974608
-2.000000	0.359196	0.565517	0.669099	0.974608
1.000000	0.669099	0.565517	0.979002	0.974608
0.380336
0.000000
-2.470801
0.404526
3
1.000000	0.102305	0.143982	0.375647	0.814373
-2.000000	0.375647	0.143982	0.648989	0.814373
1.000000	0.648989	0.143982	0.922332	0.814373
0.549739
1.000000
-4.145752
0.492356
3
1.000000	0.049873	0.073734	0.332716	0.341649
-2.000000	0.332716	0.073734	0.615558	0.341649
1.000000	0.615558	0.073734	0.898401	0.341649
0.227333
0.000000
-1.193239
0.385490
2
1.000000	0.106899	0.155345	0.245209	0.537242
-1.000000	0.245209	0.155345	0.383518	0.537242
0.105640
1.000000
0.231294
0.391114
2
1.000000	0.054454	0.158306	0.926222	0.287451
-1.000000	0.054454	0.287451	0.926222	0.416595
0.225167
0.000000
-0.605025
0.405099
2
1.000000	0.044259	0.048362	0.297725	0.200969
-1.000000	0.044259	0.200969	0.297725	0.353577
0.077362
1.000000
1.251047
0.479309
2
1.000000	0.071483	0.024279	0.483790	0.455086
-1.000000	0.071483	0.455086	0.483790	0.885894
0.355249
1.000000
-3.082648
0.490701
2
1.000000	0.093811	0.147198	0.741340	0.305956
-1.000000	0.093811	0.305956	0.741340	0.464713
0.205600
0.000000
-4.940225
0.410786
3
1.000000	0.117401	0.026416	0.373662	0.979272
-2.000000	0.373662	0.026416	0.629922	0.979272
1.000000	0.629922	0.026416	0.886183	0.979272
0.732538
0.000000
3.443070
0.457220
2
1.000000	0.539624	0.489049	0.685889	0.900923
-1.000000	0.685889	0.489049	0.832155	0.900923
0.120486
0.000000
-0.394225
0.425792
3
1.000000	0.669073	0.145938	0.758840	0.498220
-2.000000	0.758840	0.145938	0.848608	0.498220
1.000000	0.848608	0.145938	0.938376	0.498220
0.094871
1.000000
-0.551041
0.346077
2
1.000000	0.025894	0.497738	0.502172	0.973660
-1.000000	0.502172	0.497738	0.978450	0.973660
0.453342
1.000000
9.774063
0.427620
2
1.000000	0.226551	0.119475	0.548656	0.421020
-1.000000	0.548656	0.119475	0.870761	0.421020
0.194258
0.000000
2.450088
0.399653
2
1.000000	0.282335	0.020141	0.617710	0.314667
-1.000000	0.617710	0.020141	0.953084	0.314667
0.197553
1.000000
0.695970
0.372988
2
1.000000	0.424647	0.021340	0.911378	0.164125
-1.000000	0.424647	0.164125	0.911378	0.306910
0.138996
1.000000
0.848187
0.385767
2
1.000000	0.061446	0.135525	0.490185	0.323410
-1.000000	0.061446	0.323410	0.490185	0.511294
0.161107
0.000000
-0.811466
0.373771
2
1.000000	0.128631	0.187700	0.932610	0.326435
-1.000000	0.128631	0.326435	0.932610	0.465169
0.223079
1.000000
-1.281042
0.370521
3
1.000000	0.395619	0.057699	0.521797	0.370856
-2.000000	0.521797	0.057699	0.647975	0.370856
1.000000	0.647975	0.057699	0.774153	0.370856
0.118541
1.000000
0.625313
0.353650
2
1.000000	0.075271	0.035003	0.958374	0.278921
-1.000000	0.075271	0.278921	0.958374	0.522840
0.430810
0.000000
-0.142331
0.405552
2
1.000000	0.090713	0.078377	0.432897	0.904734
-1.000000	0.432897	0.078377	0.775080	0.904734
0.565532
0.000000
-1.681748
0.381091
2
1.000000	0.447069	0.139457	0.710571	0.435638
-1.000000	0.447069	0.435638	0.710571	0.731819
0.156088
1.000000
-0.762771
0.367511
2
1.000000	0.099794	0.372277	0.779008	0.574407
-1.000000	0.099794	0.574407	0.779008	0.776537
0.274580
0.000000
-2.757472
0.398725
2
1.000000	0.206649	0.162054	0.736705	0.402725
-1.000000	0.206649	0.402725	0.736705	0.643396
0.255138
0.000000
0.334670
0.378128
2
1.000000	0.361271	0.038262	0.768235	0.297304
-1.000000	0.361271	0.297304	0.768235	0.556346
0.210841
1.000000
0.461127
0.353148
2
1.000000	0.029886	0.364499	0.860791	0.508478
-1.000000	0.029886	0.508478	0.860791	0.652456
0.239265
1.000000
0.308729
0.418567
2
1.000000	0.500913	0.155172	0.846840	0.441806
-1.000000	0.500913	0.441806	0.846840	0.728440
0.198309
0.000000
0.404008
0.349259
2
1.000000	0.700084	0.382794	0.833152	0.794914
-1.000000	0.833152	0.382794	0.966221	0.794914
0.109680
0.000000
-0.344783
0.342085
2
1.000000	0.696433	0.020219	0.832902	0.979557
-1.000000	0.832902	0.020219	0.969371	0.979557
0.261840
1.000000
1.015178
0.324516
2
1.000000	0.232325	0.077040	0.525744	0.336422
-1.000000	0.525744	0.077040	0.819163	0.336422
0.152215
1.000000
-0.667577
0.409766
3
1.000000	0.230341	0.187728	0.361556	0.460381
-2.000000	0.361556	0.187728	0.492772	0.460381
1.000000	0.492772	0.187728	0.623987	0.460381
0.107329
1.000000
0.500213
0.368946
3
1.000000	0.259354	0.489328	0.430972	0.784433
-2.000000	0.430972	0.489328	0.602589	0.784433
1.000000	0.602589	0.489328	0.774207	0.784433
0.151935
1.000000
-1.055194
0.382402
3
1.000000	0.169669	0.021124	0.408075	0.626610
-2.000000	0.408075	0.021124	0.646482	0.626610
1.000000	0.646482	0.021124	0.884889	0.626610
0.433056
0.000000
-0.633532
0.367531
3
1.000000	0.377629	0.254487	0.505131	0.624266
-2.000000	0.505131	0.254487	0.632632	0.624266
1.000000	0.632632	0.254487	0.760133	0.624266
0.141442
1.000000
0.455994
0.403783
2
1.000000	0.256944	0.179820	0.533995	0.330045
-1.000000	0.256944	0.330045	0.533995	0.480270
0.083240
0.000000
-0.383229
0.334869
3
1.000000	0.148622	0.060878	0.285158	0.774516
-2.000000	0.285158	0.060878	0.421694	0.774516
1.000000	0.421694	0.060878	0.558231	0.774516
0.292313
1.000000
0.932959
0.357956
2
1.000000	0.427035	0.301325	0.975744	0.457088
-1.000000	0.427035	0.457088	0.975744	0.612851
0.170937
1.000000
0.312788
0.344342
3
1.000000	0.206230	0.354579	0.420655	0.838642
-2.000000	0.420655	0.354579	0.635081	0.838642
1.000000	0.635081	0.354579	0.849507	0.838642
0.311387
0.000000
1.972979
0.329530
3
1.000000	0.320948	0.125030	0.456446	0.511276
-2.000000	0.456446	0.125030	0.591945	0.511276
1.000000	0.591945	0.125030	0.727444	0.511276
0.157007
1.000000
0.609556
0.389685
2
1.000000	0.409250	0.062350	0.701308	0.346740
-1.000000	0.409250	0.346740	0.701308	0.631130
0.166117
1.000000
-1.179081
0.334774
2
1.000000	0.175178	0.146406	0.787442	0.328630
-1.000000	0.175178	0.328630	0.787442	0.510855
0.223139
0.000000
-4.106888
0.325325
2
1.000000	0.136814	0.038182	0.514401	0.508422
-1.000000	0.136814	0.508422	0.514401	0.978662
0.355112
0.000000
4.637457
0.427810
2
1.000000	0.044259	0.048362	0.297725	0.200969
-1.000000	0.044259	0.200969	0.297725	0.353577
0.077362
1.000000
0.345241
0.356192
2
1.000000	0.029969	0.283531	0.977710	0.614069
-1.000000	0.029969	0.614069	0.977710	0.944606
0.626527
1.000000
-0.882518
0.357981
2
1.000000	0.030844	0.350530	0.976725	0.523678
-1.000000	0.030844	0.523678	0.976725	0.696827
0.327556
0.000000
-1.641671
0.358216
2
1.000000	0.024680	0.165025	0.964793	0.340026
-1.000000	0.024680	0.340026	0.964793	0.515027
0.329042
0.000000
-0.686380
0.387170
2
1.000000	0.361271	0.038262	0.768235	0.297304
-1.000000	0.361271	0.297304	0.768235	0.556346
0.210841
1.000000
0.461127
0.312355
2
1.000000	0.040555	0.421450	0.294760	0.671727
-1.000000	0.294760	0.421450	0.548965	0.671727
0.127244
0.000000
1.515275
0.353018
2
1.000000	0.039161	0.120926	0.170963	0.685403
-1.000000	0.170963	0.120926	0.302765	0.685403
0.148798
1.000000
3.545086
0.368918
2
1.000000	0.337911	0.032055	0.669801	0.397785
-1.000000	0.337911	0.397785	0.669801	0.763516
0.242765
1.000000
-1.691382
0.374171
2
1.000000	0.509221	0.095886	0.773191	0.287360
-1.000000	0.509221	0.287360	0.773191	0.478834
0.101087
0.000000
-0.737950
0.390033
2
1.000000	0.059705	0.091143	0.446495	0.284053
-1.000000	0.059705	0.284053	0.446495	0.476963
0.149232
0.000000
-0.757673
0.334979
2
1.000000	0.191264	0.027631	0.712700	0.266712
-1.000000	0.191264	0.266712	0.712700	0.505793
0.249331
1.000000
-0.960622
0.350563
2
1.000000	0.106899	0.155345	0.245209	0.537242
-1.000000	0.245209	0.155345	0.383518	0.537242
0.105640
1.000000
0.498606
0.296095
2
1.000000	0.039548	0.303843	0.175426	0.812067
-1.000000	0.175426	0.303843	0.311305	0.812067
0.138113
0.000000
-0.305512
0.341720
2
1.000000	0.180798	0.089098	0.465701	0.274890
-1.000000	0.180798	0.274890	0.465701	0.460682
0.105866
0.000000
-0.213032
0.354482
2
1.000000	0.125150	0.027093	0.393364	0.376221
-1.000000	0.125150	0.376221	0.393364	0.725348
0.187282
1.000000
-0.692235
0.338929
2
1.000000	0.109022	0.411722	0.240298	0.828279
-1.000000	0.240298	0.411722	0.371574	0.828279
0.109368
1.000000
0.045080
0.319913
2
1.000000	0.047182	0.280133	0.238211	0.870314
-1.000000	0.238211	0.280133	0.429240	0.870314
0.225483
0.000000
-1.833889
0.320971
2
1.000000	0.287223	0.052807	0.810950	0.357981
-1.000000	0.287223	0.357981	0.810950	0.663155
0.319655
0.000000
0.676571
0.377457
3
1.000000	0.072727	0.396010	0.338716	0.727989
-2.000000	0.338716	0.396010	0.604704	0.727989
1.000000	0.604704	0.396010	0.870692	0.727989
0.264908
1.000000
-0.538258
0.336616
3
1.000000	0.138540	0.042387	0.321250	0.432893
-2.000000	0.321250	0.042387	0.503960	0.432893
1.000000	0.503960	0.042387	0.686670	0.432893
0.214048
0.000000
-2.902127
0.378455
3
1.000000	0.386660	0.065227	0.483210	0.937508
-2.000000	0.483210	0.065227	0.579759	0.937508
1.000000	0.579759	0.065227	0.676309	0.937508
0.252654
0.000000
0.294223
0.396770
2
1.000000	0.424647	0.021340	0.911378	0.164125
-1.000000	0.424647	0.164125	0.911378	0.306910
0.138996
1.000000
0.261043
0.291742
2
1.000000	0.486672	0.060371	0.902221	0.186344
-1.000000	0.486672	0.186344	0.902221	0.312317
0.104696
0.000000
-0.385040
0.333880
3
1.000000	0.359060	0.626147	0.445132	0.965282
-2.000000	0.445132	0.626147	0.531204	0.965282
1.000000	0.531204	0.626147	0.617275	0.965282
0.087570
1.000000
-0.573033
0.345482
2
1.000000	0.144355	0.583548	0.542924	0.958717
-1.000000	0.542924	0.583548	0.941493	0.958717
0.299061
1.000000
2.396201
0.375929
2
1.000000	0.067328	0.021417	0.612071	0.340319
-1.000000	0.067328	0.340319	0.612071	0.659220
0.347439
1.000000
-4.123453
0.299814
2
1.000000	0.054771	0.136092	0.644672	0.268995
-1.000000	0.054771	0.268995	0.644672	0.401899
0.156800
0.000000
-2.125623
0.341547
3
1.000000	0.084818	0.026858	0.377765	0.855692
-2.000000	0.377765	0.026858	0.670711	0.855692
1.000000	0.670711	0.026858	0.963658	0.855692
0.728412
0.000000
1.214288
0.325209
2
1.000000	0.541802	0.100747	0.727674	0.594462
-1.000000	0.727674	0.100747	0.913546	0.594462
0.183535
0.000000
-0.572910
0.393712
2
1.000000	0.605653	0.249155	0.747316	0.671150
-1.000000	0.747316	0.249155	0.888979	0.671150
0.119562
1.000000
-0.994870
0.346991
2
1.000000	0.450778	0.249701	0.884575	0.415052
-1.000000	0.450778	0.415052	0.884575	0.580403
0.143458
1.000000
4.573167
0.340001
3
1.000000	0.075308	0.067547	0.357591	0.459153
-2.000000	0.357591	0.067547	0.639874	0.459153
1.000000	0.639874	0.067547	0.922156	0.459153
0.331631
1.000000
-4.089964
0.404728
3
1.000000	0.258631	0.022826	0.484185	0.295300
-2.000000	0.484185	0.022826	0.709738	0.295300
1.000000	0.709738	0.022826	0.935292	0.295300
0.184373
0.000000
-1.314642
0.321674
3
1.000000	0.421377	0.084573	0.551823	0.909707
-2.000000	0.551823	0.084573	0.682268	0.909707
1.000000	0.682268	0.084573	0.812714	0.909707
0.322906
1.000000
0.273991
0.320903
3
1.000000	0.621854	0.262460	0.736659	0.583405
-2.000000	0.736659	0.262460	0.851464	0.583405
1.000000	0.851464	0.262460	0.966269	0.583405
0.110538
1.000000
-0.787815
0.284354
2
1.000000	0.367512	0.158486	0.669114	0.876661
-1.000000	0.669114	0.158486	0.970716	0.876661
0.433206
0.000000
-1.784383
0.336442
2
1.000000	0.282335	0.020141	0.617710	0.314667
-1.000000	0.617710	0.020141	0.953084	0.314667
0.197553
1.000000
0.506409
0.391807
2
1.000000	0.700084	0.382794	0.833152	0.794914
-1.000000	0.833152	0.382794	0.966221	0.794914
0.109680
1.000000
0.395483
0.311430
2
1.000000	0.150337	0.153201	0.923731	0.286295
-1.000000	0.150337	0.286295	0.923731	0.419388
0.205868
0.000000
-0.718069
0.351324
2
1.000000	0.178370	0.669189	0.748261	0.807304
-1.000000	0.178370	0.807304	0.748261	0.945420
0.157422
0.000000
-0.400250
0.342178
3
1.000000	0.281444	0.116619	0.370190	0.865670
-2.000000	0.370190	0.116619	0.458936	0.865670
1.000000	0.458936	0.116619	0.547681	0.865670
0.199426
1.000000
0.151535
0.304151
2
1.000000	0.688040	0.322251	0.942981	0.641383
-1.000000	0.688040	0.641383	0.942981	0.960516
0.162719
1.000000
0.479177
0.310674
3
1.000000	0.523318	0.022727	0.639585	0.606584
-2.000000	0.639585	0.022727	0.755853	0.606584
1.000000	0.755853	0.022727	0.872120	0.606584
0.203650
1.000000
0.208088
0.298016
2
1.000000	0.405636	0.022503	0.854089	0.208272
-1.000000	0.405636	0.208272	0.854089	0.394040
0.166617
1.000000
0.604209
0.291091
2
1.000000	0.521086	0.370839	0.892912	0.667455
-1.000000	0.521086	0.667455	0.892912	0.964072
0.220580
0.000000
2.624983
0.326510
2
1.000000	0.263264	0.635864	0.937813	0.783189
-1.000000	0.263264	0.783189	0.937813	0.930513
0.198755
1.000000
0.400453
0.334251
2
1.000000	0.490829	0.234686	0.800888	0.465602
-1.000000	0.490829	0.465602	0.800888	0.696517
0.143195
1.000000
-0.738578
0.306305
3
1.000000	0.253945	0.081001	0.346999	0.409115
-2.000000	0.346999	0.081001	0.440053	0.409115
1.000000	0.440053	0.081001	0.533108	0.409115
0.091597
0.000000
-1.210922
0.353433
2
1.000000	0.048866	0.240874	0.898704	0.375154
-1.000000	0.048866	0.375154	0.898704	0.509433
0.228231
0.000000
-0.511617
0.360594
2
1.000000	0.176114	0.031545	0.651712	0.364472
-1.000000	0.176114	0.364472	0.651712	0.697399
0.316679
1.000000
-1.631185
0.311748
2
1.000000	0.469949	0.085740	0.843123	0.485358
-1.000000	0.469949	0.485358	0.843123	0.884976
0.298254
0.000000
0.557626
0.305386
2
1.000000	0.221308	0.281600	0.662015	0.538183
-1.000000	0.221308	0.538183	0.662015	0.794765
0.226155
1.000000
3.562923
0.318022
2
1.000000	0.072616	0.051608	0.410405	0.425597
-1.000000	0.410405	0.051608	0.748193	0.425597
0.252659
0.000000
1.843931
0.369992
3
1.000000	0.074647	0.056994	0.179484	0.937721
-2.000000	0.179484	0.056994	0.284321	0.937721
1.000000	0.284321	0.056994	0.389158	0.937721
0.276998
0.000000
-0.652610
0.309395
2
1.000000	0.039161	0.120926	0.170963	0.685403
-1.000000	0.170963	0.120926	0.302765	0.685403
0.148798
1.000000
0.579087
0.323647
3
1.000000	0.103182	0.384927	0.279399	0.699247
-2.000000	0.279399	0.384927	0.455616	0.699247
1.000000	0.455616	0.384927	0.631834	0.699247
0.166166
0.000000
1.710165
0.371149
3
1.000000	0.049293	0.565517	0.359196	0.974608
-2.000000	0.359196	0.565517	0.669099	0.974608
1.000000	0.669099	0.565517	0.979002	0.974608
0.380336
0.000000
-2.470801
0.312154
2
1.000000	0.106145	0.384949	0.301042	0.747387
-1.000000	0.301042	0.384949	0.495938	0.747387
0.141276
1.000000
0.379392
0.317831
2
1.000000	0.261971	0.375854	0.567538	0.590997
-1.000000	0.261971	0.590997	0.567538	0.806139
0.131481
1.000000
0.565593
0.311974
2
1.000000	0.042408	0.049415	0.303478	0.386905
-1.000000	0.303478	0.049415	0.564548	0.386905
0.176217
0.000000
-0.548679
0.304684
3
1.000000	0.029305	0.144699	0.330593	0.397410
-2.000000	0.330593	0.144699	0.631882	0.397410
1.000000	0.631882	0.144699	0.933170	0.397410
0.228417
1.000000
-1.668028
0.320692
3
1.000000	0.125329	0.020015	0.310250	0.599478
-2.000000	0.310250	0.020015	0.495170	0.599478
1.000000	0.495170	0.020015	0.680091	0.599478
0.321464
0.000000
-1.436975
0.297356
3
1.000000	0.116284	0.135556	0.247876	0.396969
-2.000000	0.247876	0.135556	0.379469	0.396969
1.000000	0.379469	0.135556	0.511062	0.396969
0.103200
1.000000
-0.259339
0.314456
2
1.000000	0.450778	0.249701	0.884575	0.415052
-1.000000	0.450778	0.415052	0.884575	0.580403
0.143458
1.000000
4.573167
0.312535
3
1.000000	0.174755	0.161236	0.355987	0.959350
-2.000000	0.355987	0.161236	0.537220	0.959350
1.000000	0.537220	0.161236	0.718453	0.959350
0.433933
1.000000
-3.644316
0.358516
3
1.000000	0.033475	0.547966	0.290630	0.949917
-2.000000	0.290630	0.547966	0.547786	0.949917
1.000000	0.547786	0.547966	0.804941	0.949917
0.310091
0.000000
-1.394537
0.343883
2
1.000000	0.509221	0.095886	0.773191	0.287360
-1.000000	0.509221	0.287360	0.773191	0.478834
0.101087
0.000000
-0.171754
0.297546
2
1.000000	0.361271	0.038262	0.768235	0.297304
-1.000000	0.361271	0.297304	0.768235	0.556346
0.210841
1.000000
-0.053447
0.311408
2
1.000000	0.061446	0.135525	0.490185	0.323410
-1.000000	0.061446	0.323410	0.490185	0.511294
0.161107
0.000000
-0.811466
0.330777
2
1.000000	0.539624	0.489049	0.685889	0.900923
-1.000000	0.685889	0.489049	0.832155	0.900923
0.120486
0.000000
0.009489
0.288352
3
1.000000	0.265510	0.269747	0.469729	0.883332
-2.000000	0.469729	0.269747	0.673947	0.883332
1.000000	0.673947	0.269747	0.878165	0.883332
0.375916
0.000000
1.264922
0.305929
2
1.000000	0.036345	0.020602	0.501973	0.979098
-1.000000	0.501973	0.020602	0.967601	0.979098
0.892605
1.000000
14.688838
0.355098
2
1.000000	0.417395	0.023971	0.838178	0.331129
-1.000000	0.417395	0.331129	0.838178	0.638286
0.258493
1.000000
-4.441725
0.322134
3
1.000000	0.479717	0.244296	0.634568	0.499506
-2.000000	0.634568	0.244296	0.789420	0.499506
1.000000	0.789420	0.244296	0.944272	0.499506
0.118559
1.000000
1.009023
0.314803
2
1.000000	0.699229	0.128164	0.972125	0.384021
-1.000000	0.699229	0.384021	0.972125	0.639878
0.139645
0.000000
-0.215592
0.305990
2
1.000000	0.696433	0.020219	0.832902	0.979557
-1.000000	0.832902	0.020219	0.969371	0.979557
0.261840
1.000000
0.949793
0.322993
2
1.000000	0.477001	0.072670	0.660736	0.871818
-1.000000	0.660736	0.072670	0.844472	0.871818
0.293664
0.000000
2.623722
0.314364
2
1.000000	0.523617	0.058130	0.900682	0.233149
-1.000000	0.523617	0.233149	0.900682	0.408167
0.131987
0.000000
-1.332101
0.325143
2
1.000000	0.278453	0.055488	0.581760	0.327964
-1.000000	0.581760	0.055488	0.885068	0.327964
0.165288
1.000000
-0.505897
0.301998
2
1.000000	0.085364	0.132137	0.266044	0.460550
-1.000000	0.266044	0.132137	0.446724	0.460550
0.118675
1.000000
0.665475
0.332716
2
1.000000	0.406892	0.028521	0.872328	0.486643
-1.000000	0.406892	0.486643	0.872328	0.944764
0.426453
1.000000
-1.089244
0.294548
2
1.000000	0.196798	0.210402	0.796433	0.564530
-1.000000	0.196798	0.564530	0.796433	0.918658
0.424695
0.000000
-0.312953
0.287322
2
1.000000	0.092751	0.373360	0.446592	0.556374
-1.000000	0.092751	0.556374	0.446592	0.739388
0.129516
1.000000
0.402529
0.300025
2
1.000000	0.314038	0.130437	0.614158	0.836778
-1.000000	0.614158	0.130437	0.914278	0.836778
0.423974
0.000000
-0.638990
0.302938
3
1.000000	0.169669	0.021124	0.408075	0.626610
-2.000000	0.408075	0.021124	0.646482	0.626610
1.000000	0.646482	0.021124	0.884889	0.626610
0.433056
0.000000
0.225625
0.344918
3
1.000000	0.118790	0.030764	0.304301	0.452826
-2.000000	0.304301	0.030764	0.489813	0.452826
1.000000	0.489813	0.030764	0.675325	0.452826
0.234892
0.000000
-1.117706
0.311705
3
1.000000	0.090800	0.235640	0.367423	0.554766
-2.000000	0.367423	0.235640	0.644046	0.554766
1.000000	0.644046	0.235640	0.920668	0.554766
0.264832
1.000000
-0.426130
0.313524
2
1.000000	0.171095	0.127144	0.497567	0.403933
-1.000000	0.171095	0.403933	0.497567	0.680722
0.180728
0.000000
0.191722
0.315090
2
1.000000	0.331170	0.114813	0.741130	0.274477
-1.000000	0.331170	0.274477	0.741130	0.434142
0.130912
0.000000
-2.165694
0.329611
2
1.000000	0.024843	0.037824	0.628724	0.355649
-1.000000	0.024843	0.355649	0.628724	0.673475
0.383857
1.000000
-3.604274
0.337364
3
1.000000	0.165407	0.621259	0.420545	0.975391
-2.000000	0.420545	0.621259	0.675682	0.975391
1.000000	0.675682	0.621259	0.930819	0.975391
0.271057
0.000000
-1.202052
0.303257
2
1.000000	0.118243	0.625345	0.428301	0.905502
-1.000000	0.428301	0.625345	0.738358	0.905502
0.173730
1.000000
0.520624
0.293129
3
1.000000	0.669073	0.145938	0.758840	0.498220
-2.000000	0.758840	0.145938	0.848608	0.498220
1.000000	0.848608	0.145938	0.938376	0.498220
0.094871
1.000000
-0.479084
0.322319
2
1.000000	0.044259	0.048362	0.297725	0.200969
-1.000000	0.044259	0.200969	0.297725	0.353577
0.077362
1.000000
1.852568
0.311710
3
1.000000	0.359060	0.626147	0.445132	0.965282
-2.000000	0.445132	0.626147	0.531204	0.965282
1.000000	0.531204	0.626147	0.617275	0.965282
0.087570
0.000000
0.498483
0.383149
2
1.000000	0.054771	0.136092	0.644672	0.268995
-1.000000	0.054771	0.268995	0.644672	0.401899
0.156800
0.000000
-1.360268
0.282610
2
1.000000	0.424647	0.021340	0.911378	0.164125
-1.000000	0.424647	0.164125	0.911378	0.306910
0.138996
1.000000
0.137094
0.275925
3
1.000000	0.471062	0.030102	0.584794	0.291931
-2.000000	0.584794	0.030102	0.698525	0.291931
1.000000	0.698525	0.030102	0.812256	0.291931
0.089334
1.000000
0.231444
0.273786
2
1.000000	0.331162	0.237521	0.560223	0.675315
-1.000000	0.560223	0.237521	0.789284	0.675315
0.200563
0.000000
0.540728
0.285034
3
1.000000	0.065049	0.071252	0.309800	0.972062
-2.000000	0.309800	0.071252	0.554552	0.972062
1.000000	0.554552	0.071252	0.799303	0.972062
0.661424
0.000000
-0.287916
0.319298
2
1.000000	0.106145	0.384949	0.301042	0.747387
-1.000000	0.301042	0.384949	0.495938	0.747387
0.141276
1.000000
0.379392
0.300065
2
1.000000	0.180798	0.089098	0.465701	0.274890
-1.000000	0.180798	0.274890	0.465701	0.460682
0.105866
0.000000
-0.700456
0.294009
2
1.000000	0.127895	0.031029	0.625288	0.489596
-1.000000	0.127895	0.489596	0.625288	0.948162
0.456175
1.000000
0.295550
0.296133
2
1.000000	0.279861	0.111148	0.978157	0.470675
-1.000000	0.279861	0.470675	0.978157	0.830202
0.502113
0.000000
0.770681
0.296354
2
1.000000	0.044220	0.182220	0.482784	0.449508
-1.000000	0.482784	0.182220	0.921349	0.449508
0.234446
0.000000
-2.863619
0.313445
2
1.000000	0.427035	0.301325	0.975744	0.457088
-1.000000	0.427035	0.457088	0.975744	0.612851
0.170937
1.000000
-0.620070
0.337357
2
1.000000	0.128631	0.187700	0.932610	0.326435
-1.000000	0.128631	0.326435	0.932610	0.465169
0.223079
1.000000
1.807258
0.285363
2
1.000000	0.201685	0.040374	0.963598	0.292784
-1.000000	0.201685	0.292784	0.963598	0.545194
0.384629
0.000000
0.635844
0.354554
2
1.000000	0.361271	0.038262	0.768235	0.297304
-1.000000	0.361271	0.297304	0.768235	0.556346
0.210841
1.000000
0.461127
0.325843
2
1.000000	0.278453	0.055488	0.581760	0.327964
-1.000000	0.581760	0.055488	0.885068	0.327964
0.165288
1.000000
-0.304606
0.302671
3
1.000000	0.479717	0.244296	0.634568	0.499506
-2.000000	0.634568	0.244296	0.789420	0.499506
1.000000	0.789420	0.244296	0.944272	0.499506
0.118559
0.000000
-0.810778
0.298974
2
1.000000	0.232325	0.077040	0.525744	0.336422
-1.000000	0.525744	0.077040	0.819163	0.336422
0.152215
0.000000
1.939957
0.362870
3
1.000000	0.138540	0.042387	0.321250	0.432893
-2.000000	0.321250	0.042387	0.503960	0.432893
1.000000	0.503960	0.042387	0.686670	0.432893
0.214048
0.000000
-2.902127
0.324068
2
1.000000	0.075271	0.035003	0.958374	0.278921
-1.000000	0.075271	0.278921	0.958374	0.522840
0.430810
0.000000
0.150262
0.325391
2
1.000000	0.424647	0.021340	0.911378	0.164125
-1.000000	0.424647	0.164125	0.911378	0.306910
0.138996
1.000000
0.897244
0.315928
2
1.000000	0.157507	0.565359	0.789836	0.706112
-1.000000	0.157507	0.706112	0.789836	0.846865
0.178004
1.000000
0.398444
0.314267
2
1.000000	0.178370	0.669189	0.748261	0.807304
-1.000000	0.178370	0.807304	0.748261	0.945420
0.157422
0.000000
-0.042414
0.338618
3
1.000000	0.042265	0.153124	0.213960	0.455558
-2.000000	0.213960	0.153124	0.385655	0.455558
1.000000	0.385655	0.153124	0.557350	0.455558
0.155779
1.000000
0.053525
0.315865
2
1.000000	0.039161	0.120926	0.170963	0.685403
-1.000000	0.170963	0.120926	0.302765	0.685403
0.148798
0.000000
-0.909014
0.277935
3
1.000000	0.084829	0.118859	0.353677	0.569190
-2.000000	0.353677	0.118859	0.622525	0.569190
1.000000	0.622525	0.118859	0.891373	0.569190
0.363212
1.000000
-2.853608
0.341563
